N: 107531
E: 8221
C: 64706 77222 7607 7607 47515 55673 80560 76138 91396 76138 38565 52911 17632 35925 17632 47515 34925 76138 54417 76138 96404 47515 89749 76138 103772 10196 98556 76138 89749 53592 77222 52911 98556 76138 89206 55673 76138 103772 10196 98556 76138 96404 77222 52911 7607 80560 76138 53592 17632 73865 76138 7607 47515 89749 103772 76138 55673 89206 35925 10196 103772
Converting: true
DoLoop: false
P, Q = 293, 367
Totient: 106872
D: 13
Holland 3 Uruguay 1 was the score in the world cup last night
Time taken: 0.036936 seconds
